# Training data : train
# Algorithm : PA-I
# C = 0.1
# iteration = 2
kernel = 0
maxid = 65
label = 3
13 0
31 1
28 2
0 0 6e-05 -0.00372 -0.00128 -0.00464 -0.10426 -0.00324 -0.0067 -0.01164 -0.00576 -0.00288 -0.00324 -0.00122 -0.0045 0 -0.003 -2e-05 -0.00102 -0.00062 0 -0.00786 -0.00314 -0.003 -0.0025 -0.00322 -0.01588 -0.0008 -0.00984 -0.00374 8e-05 -6e-05 -0.00434 -0.00416 -0.00504 -0.00436 -0.00206 -0.0085 0.00532 0 -0.00088 -0.00664 0 2e-05 -0.00144 -0.00492 -0.0013 2e-05 -0.006 -0.00576 -0.00772 0.0007 -0.00392 -0.0013 -0.00624 -0.0033 -0.00018 -0.00144 -0.0009 -0.0034 -0.00772 -0.0039 -0.00168 -0.00056 4e-05 -0.0008
1 0 -2e-05 0.00237 0.00095 0.00822 0.20453 0.00451 0.01759 0.00685 0.00183 -5e-05 0.00966 0.00131 0.0043 0 0.01016 2e-05 0.00113 0.00064 0 0.02415 0.0007 0.00421 -0.00053 0.00427 0.01596 0.00096 0.0194 0.00615 -3e-05 0.0001 0.00519 0.00075 0.00455 0.00546 0.00469 0.00588 0.0167 0 0.00102 0.01238 1e-05 -1e-05 0.00153 0.00176 0.00118 0 0.00985 0.00609 0.00401 0.01154 0.01404 0.0011 0.01987 0.00082 -0.00011 -0.00782 0.00081 0.00421 0.01788 0.00587 -0.00051 0.00069 2e-05 0.00121
2 0 -4e-05 0.00135 0.00033 -0.00358 -0.10027 -0.00127 -0.01089 0.00479 0.00393 0.00293 -0.00642 -9e-05 0.0002 0 -0.00716 0 -0.00011 -2e-05 0 -0.01629 0.00244 -0.00121 0.00303 -0.00105 -8e-05 -0.00016 -0.00956 -0.00241 -5e-05 -4e-05 -0.00085 0.00341 0.00049 -0.0011 -0.00263 0.00262 -0.02202 0 -0.00014 -0.00574 -1e-05 -1e-05 -9e-05 0.00316 0.00012 -2e-05 -0.00385 -0.00033 0.00371 -0.01224 -0.01012 0.0002 -0.01363 0.00248 0.00029 0.00926 9e-05 -0.00081 -0.01016 -0.00197 0.00219 -0.00013 -6e-05 -0.00041
